 1.7329  1.8086  1.4705  1.8254  1.8049 -1.2320  1.7973 -1.1908 -1.9582  1.0238
-1.5582 -1.8644 -1.7357  1.7698 -1.5453 -1.2621  1.0879 -1.0544  1.4221 -1.9679
 1.1153  1.0348  1.6368  1.3054  1.9294 -1.9833 -1.9392 -1.8235 -1.0567 -1.0039
-1.0242 -1.7156  1.5467 -1.8073  1.9374 -1.1148  1.4098  1.9470 -1.1406 -1.3425
 1.8167  1.2153 -1.6465  1.1191 -1.8485  1.4701  1.2231 -1.0365  1.4804 -1.1330
-1.1370 -1.4177  1.4793  1.9133 -1.3871  1.4668  1.2369  1.1068  1.3727  1.0145
-1.1519  1.2676 -1.4314 -1.5095  1.1298  1.2437  1.7095  1.2014  1.4951  1.3987
-1.5464  1.8882 -1.9676  1.7720 -1.5990  1.8493 -1.2820 -1.4510  1.8004  1.1124
 1.3963 -1.0625 -1.6891 -1.2577 -1.7033 -1.3511  1.3434 -1.3736 -1.6798  1.8508
-1.4406 -1.0154 -1.8620  1.3778  1.0291 -1.5525  1.9205 -1.2729  1.2814  1.4708
 1.2978  1.7555 -1.2677 -1.6624  1.0105 -1.7473 -1.7463 -1.6213  1.4534 -1.9902
-1.3752 -1.9937  1.5928 -1.5934 -1.4952 -1.2811  1.1185 -1.1025  1.7849  1.7457
-1.8818 -1.6972 -1.2706 -1.7131 -1.3534 -1.3154 -1.5221 -1.4227 -1.2308 -1.8689
-1.6017 -1.0648 -1.6216  1.7156 -1.2941 -1.2890 -1.9388  1.6537 -1.9111  1.0689
-1.5828 -1.0797  1.3110 -1.8530 -1.4916  1.5930 -1.3714  1.2414  1.2347 -1.8261

Indicar la siguiente informacion de la solucion optima:                         

======      ======             ============                                 
r = |    |  s = |    |    f(A  ) = |          |                                 
======      ======       rs    ============                                 
