fila  1 : 1.54712 1.50890 2.53986 1.89216 1.53355 2.81566 2.30249 2.41426 1.52061 2.85915
fila  2 : 2.71862 1.80950 2.80023 2.39517 1.68838 2.59069 2.66408 1.73464 1.59518 2.14116
fila  3 : 2.92891 2.26413 2.78767 2.86432 2.61433 2.47899 1.85624 2.29091 2.85933 2.79894
fila  4 : 1.71523 2.45415 2.83140 2.78321 2.98516 2.57822 1.66763 1.93318 2.44053 1.94358
fila  5 : 1.69868 1.79052 1.82472 2.15157 2.44048 2.67312 2.15844 2.35799 2.20046 2.18003
fila  6 : 2.33182 1.93645 1.83968 1.54226 2.26036 2.39327 2.66620 2.79940 1.94012 2.09179
fila  7 : 2.71938 2.59888 2.32980 2.52078 2.25631 1.81126 2.40987 2.67674 2.90474 2.39049
fila  8 : 2.54319 2.46554 2.33850 1.74405 2.24845 1.72182 2.10047 1.67426 2.26565 2.76704
fila  9 : 2.72241 2.56696 2.90480 1.98540 2.54822 2.89451 1.53331 1.84780 2.91966 2.71658
fila 10 : 2.09550 2.06214 2.36710 2.32418 2.55345 2.28792 2.00849 2.21468 2.57557 2.02219
fila 11 : 1.50186 2.81392 1.58185 1.58692 2.91119 2.80550 2.50227 1.72600 1.86250 2.58417
fila 12 : 2.61740 1.60870 2.93854 1.99606 1.74542 2.72528 2.81985 2.20649 1.55119 2.30851
fila 13 : 1.57285 1.86520 2.87720 1.57722 1.91989 2.57611 2.16650 2.79315 1.92776 2.79071
fila 14 : 2.96243 1.55813 2.07043 2.16144 1.76904 2.27069 2.06925 1.88856 2.61072 1.87148
fila 15 : 1.88333 1.59736 2.81662 1.85367 2.71088 2.28756 1.95986 2.40627 2.11329 2.62111
fila 16 : 2.51051 2.15937 1.53259 1.79333 2.48569 2.06414 2.96293 2.48431 2.71735 2.94212
fila 17 : 2.15910 2.99003 1.95918 2.93360 1.50119 2.03491 2.24077 1.69881 2.48031 1.63747
fila 18 : 1.87610 1.64212 2.08146 1.67241 2.77695 2.67222 1.93685 2.63268 1.97547 2.22263
fila 19 : 2.73772 1.91588 2.77164 1.92634 1.54804 1.86568 1.94892 2.94349 2.71333 2.93102
fila 20 : 1.62403 2.63101 2.34564 1.73759 1.63129 1.64167 2.05454 2.21735 2.54779 1.68232
